9.120
9.120
9.120
9.120
9.150
9.150
9.185
9.185
9.185
9.215
9.215
9.245
9.215
9.215
9.245
9.245
9.275
9.310
9.275
9.245
9.215
9.215
9.215
9.245
9.215
9.185
9.215
9.185
9.185
9.185
9.185
9.150
9.150
9.150
9.165
9.150
9.150
9.120
9.150
9.150
9.150
9.150
9.120
9.120
9.120
9.120
9.120
9.120
9.120
9.120
9.121
9.121
9.121
9.151
9.151
9.186
9.186
9.216
9.246
9.217
9.217
9.217
9.217
9.247
9.247
9.247
9.217
9.217
9.218
9.218
9.218
9.188
9.188
9.218
9.218
9.218
9.218
9.219
9.204
9.219
9.219
9.249
9.249
9.249
9.249
9.249
9.220
9.250
9.250
9.250
9.280
9.315
9.280
9.280
9.280
9.281
9.281
9.251
9.281
9.251
