9.120
9.120
9.120
9.120
9.150
9.150
9.185
9.185
9.185
9.215
9.215
9.245
9.215
9.215
9.245
9.245
9.275
9.310
9.275
9.245
9.215
9.215
9.215
9.245
9.215
9.185
9.215
9.185
9.185
9.185
9.185
9.150
9.150
9.150
9.165
9.150
9.150
9.120
9.150
9.150
9.150
9.150
9.120
9.120
9.120
9.120
9.120
9.120
9.120
9.120
9.121
9.121
9.121
9.151
9.151
9.186
9.186
9.216
9.246
9.217
9.217
9.217
9.217
9.247
9.247
9.247
9.217
9.217
9.218
9.218
9.218
9.188
9.188
9.218
9.218
9.218
9.218
9.219
9.204
9.219
9.219
9.249
9.249
9.249
9.249
9.249
9.220
9.250
9.250
9.250
9.280
9.315
9.280
9.280
9.280
9.281
9.281
9.251
9.281
9.251
9.251
9.251
9.251
9.221
9.252
9.252
9.317
9.317
9.317
9.317
9.317
9.347
9.347
9.348
9.318
9.318
9.318
9.318
9.318
9.348
9.283
9.318
9.318
9.319
9.319
9.349
9.349
9.319
9.349
9.349
9.349
9.349
9.320
9.350
9.350
9.350
9.320
9.350
9.380
9.380
9.380
9.351
9.351
9.381
9.381
9.381
9.381
9.411
9.446
9.447
9.447
9.477
9.447
9.477
9.477
9.477
9.477
9.447
9.382
9.448
9.413
9.413
9.413
9.413
9.413
9.448
9.383
9.413
9.414
9.414
9.414
9.414
9.384
9.449
9.449
9.449
9.449
9.450
9.385
9.450
9.385
9.415
9.385
9.450
9.450
9.450
9.451
9.451
9.451
9.451
9.416
9.416
9.416
9.416
9.386
9.416
9.387
9.387
9.357
9.357
9.357
9.327
9.327
9.357
9.387
9.357
9.388
9.358
9.358
9.388
9.358
9.388
9.328
9.358
9.388
9.359
9.359
9.359
9.359
9.359
9.359
9.359
9.329
9.359
9.329
9.360
9.330
9.360
9.330
9.330
9.330
9.330
9.330
9.360
9.361
9.391
9.391
9.391
9.391
9.456
9.421
9.421
9.457
9.457
9.392
9.422
9.392
9.392
9.422
9.392
9.392
9.422
9.392
9.423
9.423
9.423
9.363
9.363
9.363
9.393
9.393
9.423
9.424
9.424
9.424
9.424
9.424
9.459
9.424
9.394
9.394
9.424
9.425
9.425
9.460
9.490
9.490
9.490
9.490
9.521
9.551
9.586
9.586
9.586
9.586
9.551
9.586
9.551
9.552
9.587
9.587
9.587
9.522
9.552
9.522
9.552
9.552
9.522
9.523
9.523
9.553
9.588
9.553
9.588
9.553
9.588
9.553
9.554
9.554
9.554
9.589
9.589
9.589
9.589
9.619
9.589
9.620
9.620
9.620
9.650
9.650
9.650
9.590
9.590
9.620
9.650
9.650
9.650
9.590
9.590
9.590
9.620
9.650
9.680
9.647
9.683
9.685
9.650
9.649
9.649
9.559
9.683
9.558
9.557
9.522
9.522
9.491
9.491
9.490
9.430
9.430
9.430
9.460
9.430
9.460
9.430
9.430
9.460
9.460
9.460
9.555
9.490
9.585
9.585
9.615
9.585
9.645
9.615
9.645
9.585
9.585
9.585
9.585
9.585
9.585
9.585
9.615
9.615
9.615
9.615
9.615
9.645
9.615
9.645
9.585
9.645
9.615
9.645
9.616
9.616
9.586
9.586
9.586
9.556
9.521
9.586
9.556
9.586
9.586
9.616
9.586
9.556
9.586
9.586
9.586
9.586
9.556
9.521
9.556
9.521
9.556
9.556
9.556
9.521
9.521
9.556
9.521
9.521
9.556
9.556
9.556
9.586
9.586
9.586
9.586
9.556
9.586
9.556
9.556
9.556
9.521
9.521
9.521
9.556
9.556
9.586
9.556
9.521
9.556
9.586
9.586
9.616
9.616
9.616
9.586
9.586
9.586
9.586
9.586
9.586
9.587
9.587
9.557
9.587
9.587
9.587
9.587
9.557
9.557
9.587
9.587
9.587
9.587
9.587
9.587
9.647
9.647
9.682
9.682
9.712
9.647
9.682
9.647
9.682
9.647
9.617
9.647
9.647
9.617
9.647
9.682
9.647
9.682
9.682
9.682
9.712
9.712
9.712
9.587
9.647
9.682
9.647
9.647
9.647
9.647
9.647
9.682
9.647
9.682
9.647
9.647
9.647
9.617
9.647
9.617
9.617
9.587
9.557
9.617
9.587
9.587
9.617
9.617
9.617
9.617
9.647
9.647
9.618
9.648
9.648
9.648
9.648
9.618
9.618
9.648
9.588
9.648
9.648
9.648
9.618
9.618
9.618
9.618
9.618
9.618
9.588
9.618
9.618
9.618
9.618
9.618
9.618
9.618
9.618
9.618
9.618
9.648
9.618
9.648
9.648
9.618
9.618
9.618
9.618
9.618
9.618
9.618
9.618
9.648
9.648
9.648
9.648
9.648
9.648
9.648
9.618
9.588
9.588
9.558
9.558
9.523
9.558
9.558
9.523
9.588
9.558
9.588
9.618
9.618
9.618
9.618
9.618
9.589
9.589
9.589
9.524
9.524
9.524
9.524
9.524
9.524
9.494
9.559
9.559
9.589
9.559
9.559
9.559
9.524
9.559
9.559
9.559
9.589
9.559
9.559
9.524
9.559
9.559
9.559
9.559
9.559
9.524
9.559
9.589
9.559
9.589
9.559
9.559
9.524
9.559
9.559
9.589
9.559
9.559
9.589
9.589
9.589
9.559
9.559
9.589
9.559
9.589
9.589
9.589
9.589
9.589
9.589
9.559
9.589
9.589
9.619
9.619
9.619
9.619
9.559
9.619
9.619
9.649
9.619
9.620
9.620
9.620
9.590
9.560
9.560
9.560
9.590
9.560
9.560
9.560
9.525
9.525
9.560
9.525
9.495
9.465
9.465
9.465
9.495
9.495
9.495
9.560
9.495
9.495
9.525
9.525
9.560
9.590
9.620
9.590
9.590
9.620
9.620
9.650
10.109
10.109
10.139
10.233
10.233
10.233
10.293
10.357
10.357
10.357
10.357
10.357
10.293
10.293
10.233
10.233
10.293
10.263
10.293
10.293
10.357
10.323
10.263
10.293
10.293
10.263
10.263
10.233
10.263
10.233
10.263
10.233
10.233
10.233
10.199
10.199
10.233
10.199
10.199
10.169
10.169
10.169
10.109
10.109
10.045
10.015
10.045
10.075
10.075
10.109
10.109
10.109
10.109
10.109
10.109
10.109
10.075
10.075
10.075
10.075
10.109
10.015
10.045
10.045
10.015
10.045
10.075
10.075
10.075
10.109
10.045
10.075
10.075
10.075
10.075
10.075
10.109
10.045
10.075
10.045
10.075
10.075
10.109
10.075
10.109
10.109
10.109
10.139
10.109
10.139
10.109
10.139
10.169
10.169
10.169
10.139
10.139
10.139
10.075
10.109
10.075
10.075
10.075
10.075
10.045
10.075
10.075
10.075
10.045
10.015
10.045
10.045
10.075
10.075
10.075
10.045
10.045
10.045
10.045
10.045
10.045
9.985
9.985
10.015
10.015
10.015
9.985
9.985
9.985
9.951
9.921
9.951
9.985
9.985
9.985
9.985
10.045
10.045
10.045
10.075
10.045
10.045
10.015
10.015
9.985
9.985
9.985
9.985
10.015
10.015
10.015
10.015
10.015
10.015
10.015
10.015
10.015
10.015
9.951
9.951
9.985
9.985
10.015
9.985
10.015
9.985
10.015
10.015
10.015
9.985
10.015
10.015
10.015
10.015
10.015
10.015
9.985
10.045
10.045
10.045
10.015
10.045
10.075
10.075
10.075
10.075
10.045
10.045
10.045
10.075
10.075
10.045
10.045
10.015
10.015
10.045
10.015
10.045
10.045
10.045
10.045
10.045
10.045
10.045
10.075
10.075
10.075
10.075
10.045
10.045
10.045
10.045
10.015
10.015
10.015
10.045
10.015
9.985
9.985
9.985
9.985
9.985
10.015
10.015
9.985
10.015
10.015
10.045
10.045
10.045
10.075
10.075
10.075
10.075
10.109
10.045
10.075
10.075
10.045
10.045
10.075
10.030
10.045
10.045
10.045
10.075
10.075
10.075
10.045
10.045
10.045
10.045
10.075
10.045
10.075
10.075
10.075
10.075
10.075
10.075
10.075
10.075
10.075
10.075
10.045
10.075
10.045
10.075
10.075
10.045
10.075
10.075
10.045
10.045
10.045
10.075
10.075
10.075
10.075
10.075
10.075
10.075
10.045
10.015
9.985
10.015
9.985
9.985
9.985
10.015
10.015
10.045
10.015
9.985
9.985
9.985
10.015
10.015
10.015
10.015
10.015
9.985
9.951
9.985
9.985
9.985
9.985
10.015
10.015
9.985
9.985
9.985
9.985
9.985
9.985
