9.120
9.120
9.120
9.120
9.150
9.150
9.185
9.185
9.185
9.215
9.215
9.245
9.215
9.215
9.245
9.245
9.275
9.310
9.275
9.245
9.215
9.215
9.215
9.245
9.215
9.185
9.215
9.185
9.185
9.185
9.185
9.150
9.150
9.150
9.165
9.150
9.150
9.120
9.150
9.150
9.150
9.150
9.120
9.120
9.120
9.120
9.120
9.120
9.120
9.120
9.121
9.121
9.121
9.151
9.151
9.186
9.186
9.216
9.246
9.217
9.217
9.217
9.217
9.247
9.247
9.247
9.217
9.217
9.218
9.218
9.218
9.188
9.188
9.218
9.218
9.218
9.218
9.219
9.204
9.219
9.219
9.249
9.249
9.249
9.249
9.249
9.220
9.250
9.250
9.250
9.280
9.315
9.280
9.280
9.280
9.281
9.281
9.251
9.281
9.251
9.251
9.251
9.251
9.221
9.252
9.252
9.317
9.317
9.317
9.317
9.317
9.347
9.347
9.348
9.318
9.318
9.318
9.318
9.318
9.348
9.283
9.318
9.318
9.319
9.319
9.349
9.349
9.319
9.349
9.349
9.349
9.349
9.320
9.350
9.350
9.350
9.320
9.350
9.380
9.380
9.380
9.351
9.351
9.381
9.381
9.381
9.381
9.411
9.446
9.447
9.447
9.477
9.447
9.477
9.477
9.477
9.477
9.447
9.382
9.448
9.413
9.413
9.413
9.413
9.413
9.448
9.383
9.413
9.414
9.414
9.414
9.414
9.384
9.449
9.449
9.449
9.449
9.450
9.385
9.450
9.385
9.415
9.385
9.450
9.450
9.450
9.451
9.451
9.451
9.451
9.416
9.416
9.416
9.416
9.386
9.416
9.387
9.387
9.357
9.357
9.357
9.327
9.327
9.357
9.387
9.357
9.388
9.358
9.358
9.388
9.358
9.388
9.328
9.358
9.388
9.359
9.359
9.359
9.359
9.359
9.359
9.359
9.329
9.359
9.329
9.360
9.330
9.360
9.330
9.330
9.330
9.330
9.330
9.360
9.361
9.391
9.391
9.391
9.391
9.456
9.421
9.421
9.457
9.457
9.392
9.422
9.392
9.392
9.422
9.392
9.392
9.422
9.392
9.423
9.423
9.423
9.363
9.363
9.363
9.393
9.393
9.423
9.424
9.424
9.424
9.424
9.424
9.459
9.424
9.394
9.394
9.424
9.425
9.425
9.460
9.490
9.490
9.490
9.490
9.521
9.551
9.586
9.586
9.586
9.586
9.551
9.586
9.551
9.552
9.587
9.587
9.587
9.522
9.552
9.522
9.552
9.552
9.522
9.523
9.523
9.553
9.588
9.553
9.588
9.553
9.588
9.553
9.554
9.554
9.554
9.589
9.589
9.589
9.589
9.619
9.589
9.620
9.620
9.620
9.650
9.650
9.650
9.590
9.590
9.620
9.650
9.650
9.650
9.590
9.590
9.590
9.620
9.650
9.680
9.647
9.683
9.685
9.650
9.649
9.649
9.559
9.683
9.558
9.557
9.522
9.522
9.491
9.491
9.490
9.430
9.430
9.430
9.460
9.430
9.460
9.430
9.430
9.460
9.460
9.460
9.555
9.490
9.585
9.585
9.615
9.585
9.645
9.615
9.645
9.585
9.585
9.585
9.585
9.585
9.585
9.585
9.615
9.615
9.615
9.615
9.615
9.645
9.615
9.645
9.585
9.645
9.615
9.645
9.616
9.616
9.586
9.586
9.586
9.556
9.521
9.586
9.556
9.586
9.586
9.616
9.586
9.556
9.586
9.586
9.586
9.586
9.556
9.521
9.556
9.521
9.556
9.556
9.556
9.521
9.521
9.556
9.521
9.521
9.556
9.556
9.556
9.586
9.586
9.586
9.586
9.556
9.586
9.556
9.556
9.556
9.521
9.521
9.521
9.556
9.556
9.586
9.556
9.521
9.556
9.586
9.586
9.616
9.616
9.616
9.586
9.586
9.586
9.586
9.586
9.586
9.587
9.587
9.557
9.587
9.587
9.587
9.587
9.557
9.557
9.587
9.587
9.587
9.587
9.587
9.587
9.647
9.647
9.682
9.682
9.712
9.647
9.682
9.647
9.682
9.647
9.617
9.647
9.647
9.617
9.647
9.682
9.647
9.682
9.682
9.682
9.712
9.712
9.712
9.587
9.647
9.682
9.647
9.647
9.647
9.647
9.647
9.682
9.647
9.682
9.647
9.647
9.647
9.617
9.647
9.617
9.617
9.587
9.557
9.617
9.587
9.587
9.617
9.617
9.617
9.617
9.647
9.647
9.618
9.648
9.648
9.648
9.648
9.618
9.618
9.648
9.588
9.648
9.648
9.648
9.618
9.618
9.618
9.618
9.618
9.618
9.588
9.618
9.618
9.618
9.618
9.618
9.618
9.618
9.618
9.618
9.618
9.648
9.618
9.648
9.648
9.618
9.618
9.618
9.618
9.618
9.618
9.618
9.618
9.648
9.648
9.648
9.648
9.648
9.648
9.648
9.618
9.588
9.588
9.558
9.558
9.523
9.558
9.558
9.523
9.588
9.558
9.588
9.618
9.618
9.618
9.618
9.618
9.589
9.589
9.589
9.524
9.524
9.524
9.524
9.524
9.524
9.494
9.559
9.559
9.589
9.559
9.559
9.559
9.524
9.559
9.559
9.559
9.589
9.559
9.559
9.524
9.559
9.559
9.559
9.559
9.559
9.524
9.559
9.589
9.559
9.589
9.559
9.559
9.524
9.559
9.559
9.589
9.559
9.559
9.589
9.589
9.589
9.559
9.559
9.589
9.559
9.589
9.589
9.589
9.589
9.589
9.589
9.559
9.589
9.589
9.619
9.619
9.619
9.619
9.559
9.619
9.619
9.649
9.619
9.620
9.620
9.620
9.590
9.560
9.560
9.560
9.590
9.560
9.560
9.560
9.525
9.525
9.560
9.525
9.495
9.465
9.465
9.465
9.495
9.495
9.495
9.560
9.495
9.495
9.525
9.525
9.560
9.590
9.620
9.590
9.590
9.620
9.620
9.650
10.109
10.109
10.139
10.233
10.233
10.233
10.293
10.357
10.357
10.357
10.357
10.357
10.293
10.293
10.233
10.233
10.293
10.263
10.293
10.293
10.357
10.323
10.263
10.293
10.293
10.263
10.263
10.233
10.263
10.233
10.263
10.233
10.233
10.233
10.199
10.199
10.233
10.199
10.199
10.169
10.169
10.169
10.109
10.109
10.045
10.015
10.045
10.075
10.075
10.109
10.109
10.109
10.109
10.109
10.109
10.109
10.075
10.075
10.075
10.075
10.109
10.015
10.045
10.045
10.015
10.045
10.075
10.075
10.075
10.109
10.045
10.075
10.075
10.075
10.075
10.075
10.109
10.045
10.075
10.045
10.075
10.075
10.109
10.075
10.109
10.109
10.109
10.139
10.109
10.139
10.109
10.139
10.169
10.169
10.169
10.139
10.139
10.139
10.075
10.109
10.075
10.075
10.075
10.075
10.045
10.075
10.075
10.075
10.045
10.015
10.045
10.045
10.075
10.075
10.075
10.045
10.045
10.045
10.045
10.045
10.045
9.985
9.985
10.015
10.015
10.015
9.985
9.985
9.985
9.951
9.921
9.951
9.985
9.985
9.985
9.985
10.045
10.045
10.045
10.075
10.045
10.045
10.015
10.015
9.985
9.985
9.985
9.985
10.015
10.015
10.015
10.015
10.015
10.015
10.015
10.015
10.015
10.015
9.951
9.951
9.985
9.985
10.015
9.985
10.015
9.985
10.015
10.015
10.015
9.985
10.015
10.015
10.015
10.015
10.015
10.015
9.985
10.045
10.045
10.045
10.015
10.045
10.075
10.075
10.075
10.075
10.045
10.045
10.045
10.075
10.075
10.045
10.045
10.015
10.015
10.045
10.015
10.045
10.045
10.045
10.045
10.045
10.045
10.045
10.075
10.075
10.075
10.075
10.045
10.045
10.045
10.045
10.015
10.015
10.015
10.045
10.015
9.985
9.985
9.985
9.985
9.985
10.015
10.015
9.985
10.015
10.015
10.045
10.045
10.045
10.075
10.075
10.075
10.075
10.109
10.045
10.075
10.075
10.045
10.045
10.075
10.030
10.045
10.045
10.045
10.075
10.075
10.075
10.045
10.045
10.045
10.045
10.075
10.045
10.075
10.075
10.075
10.075
10.075
10.075
10.075
10.075
10.075
10.075
10.045
10.075
10.045
10.075
10.075
10.045
10.075
10.075
10.045
10.045
10.045
10.075
10.075
10.075
10.075
10.075
10.075
10.075
10.045
10.015
9.985
10.015
9.985
9.985
9.985
10.015
10.015
10.045
10.015
9.985
9.985
9.985
10.015
10.015
10.015
10.015
10.015
9.985
9.951
9.985
9.985
9.985
9.985
10.015
10.015
9.985
9.985
9.985
9.985
9.985
9.985
9.985
9.985
9.985
9.985
9.985
9.951
9.985
9.985
9.985
9.985
9.951
9.921
9.921
9.951
9.951
9.921
9.921
9.951
9.921
9.921
9.921
9.951
9.921
9.921
9.891
9.827
9.861
9.827
9.797
9.827
9.797
9.797
9.797
9.827
9.797
9.797
9.767
9.797
9.767
9.827
9.861
9.921
9.951
9.891
9.921
9.921
9.891
9.861
9.921
9.891
9.891
9.921
9.891
9.891
9.891
9.921
9.921
9.921
9.921
9.891
9.891
9.891
9.921
9.780
9.745
9.685
9.620
9.685
9.685
9.650
9.650
9.620
9.620
9.650
9.590
9.590
9.590
9.620
9.620
9.685
9.745
9.775
9.775
9.745
9.745
9.745
9.775
9.745
9.745
9.715
9.715
9.715
9.715
9.715
9.715
9.715
9.715
9.651
9.686
9.621
9.621
9.621
9.621
9.621
9.621
9.651
9.651
9.621
9.621
9.651
9.651
9.621
9.621
9.621
9.621
9.621
9.621
9.591
9.591
9.621
9.621
9.591
9.591
9.591
9.591
9.561
9.591
9.561
9.591
9.591
9.561
9.591
9.591
9.561
9.561
9.591
9.591
9.591
9.591
9.591
9.561
9.561
9.591
9.591
9.591
9.561
9.561
9.561
9.561
9.591
9.591
9.621
9.621
9.621
9.591
9.621
9.621
9.621
9.621
9.591
9.561
9.591
9.591
9.591
9.562
9.592
9.592
9.592
9.592
9.562
9.592
9.592
9.622
9.562
9.592
9.562
9.592
9.592
9.592
9.592
9.592
9.592
9.622
9.622
9.622
9.652
9.652
9.687
9.652
9.652
9.652
9.622
9.622
9.592
9.562
9.592
9.622
9.592
9.592
9.622
9.592
9.622
9.592
9.592
9.622
9.592
9.622
9.592
9.592
9.592
9.562
9.592
9.592
9.592
9.592
9.592
9.592
9.592
9.562
9.592
9.592
9.592
9.592
9.562
9.592
9.562
9.562
9.562
9.562
9.562
9.562
9.592
9.527
9.562
9.528
9.528
9.563
9.563
9.528
9.528
9.528
9.528
9.528
9.528
9.528
9.528
9.528
9.528
9.528
9.528
9.528
9.498
9.498
9.468
9.498
9.468
9.468
9.468
9.438
9.468
9.438
9.438
9.468
9.438
9.403
9.403
9.403
9.403
9.403
9.438
9.438
9.438
9.498
9.498
9.498
9.468
9.498
9.498
9.498
9.498
9.543
9.563
9.563
9.498
9.498
9.468
9.498
9.528
9.468
9.498
9.498
9.468
9.528
9.498
9.498
9.498
9.498
9.498
9.498
9.498
9.498
9.498
9.498
9.499
9.529
9.499
9.499
9.469
9.564
9.499
9.499
9.529
9.499
9.529
9.499
9.469
9.529
9.499
9.469
9.499
9.499
9.499
9.564
9.529
9.529
9.564
9.564
9.564
9.529
9.499
9.499
9.529
9.529
9.529
9.499
9.499
9.499
9.499
9.499
9.499
9.499
9.499
9.529
9.529
9.529
9.529
9.529
9.529
9.529
9.529
9.529
9.499
9.529
9.529
9.529
9.529
9.564
9.564
9.529
9.499
9.499
9.499
9.529
9.529
9.529
9.499
9.529
9.529
9.499
9.529
9.564
9.529
9.530
9.530
9.530
9.565
9.530
9.530
9.500
9.500
9.500
9.500
9.530
9.530
9.530
9.470
9.500
9.530
9.530
9.500
9.500
9.470
9.470
9.440
9.470
9.470
9.440
9.440
9.470
9.440
9.470
9.405
9.470
9.405
9.405
9.375
9.375
9.405
9.405
9.440
9.470
9.500
9.500
9.440
9.470
9.500
9.500
9.500
9.530
9.530
9.565
9.500
9.500
9.530
9.530
9.500
9.500
9.500
9.500
9.470
9.440
9.440
9.440
9.440
9.375
9.470
9.500
9.530
9.500
9.500
9.565
9.530
9.530
9.530
9.530
9.595
9.595
9.595
9.595
9.595
9.595
9.595
9.625
9.625
9.625
9.625
9.655
9.655
9.655
9.655
9.690
9.690
9.690
9.690
9.690
9.690
9.655
9.625
9.625
9.625
9.595
9.595
9.595
9.530
9.595
9.595
9.625
9.655
9.655
9.690
9.690
9.690
9.690
9.690
9.655
9.690
9.655
9.690
9.690
9.750
9.750
9.750
9.750
9.750
9.750
9.720
9.750
9.750
9.720
9.750
9.720
9.750
9.750
9.720
9.720
9.720
9.720
9.720
9.720
9.720
9.750
9.750
9.750
9.815
9.780
9.750
9.780
9.750
9.750
9.750
9.720
9.720
9.720
9.750
9.750
9.750
9.750
9.750
9.780
9.750
9.780
9.780
9.750
9.815
9.815
9.815
9.780
9.815
9.780
9.780
9.780
9.750
9.750
9.750
9.720
9.750
9.720
9.720
9.720
9.720
9.720
9.690
9.720
9.690
9.690
9.690
9.690
9.690
9.690
9.690
9.655
9.655
9.655
9.625
9.625
9.595
9.595
9.625
9.655
9.655
9.690
9.655
9.690
9.690
9.690
9.690
9.690
9.690
9.690
9.655
9.655
9.690
9.655
9.690
9.655
9.690
9.655
9.690
9.655
9.655
9.655
9.655
9.625
9.625
9.655
9.655
9.655
9.625
9.655
9.655
9.625
9.655
9.625
9.655
9.625
9.655
9.625
9.565
9.625
9.625
9.595
9.565
9.625
9.625
9.625
9.625
9.625
9.625
9.655
9.625
9.655
9.655
9.655
9.625
9.655
9.625
9.655
9.625
9.655
9.690
9.595
9.625
9.655
9.625
9.625
9.655
9.625
9.625
9.625
9.595
9.595
9.625
9.625
9.625
9.625
9.655
9.625
9.655
9.655
9.655
9.655
9.625
9.625
9.625
9.655
9.625
9.625
9.625
9.565
9.625
9.625
9.595
9.595
9.625
9.625
9.595
9.625
9.655
9.625
9.625
9.655
9.625
9.625
9.655
9.625
9.655
9.655
9.625
9.625
9.625
9.625
9.625
9.625
9.655
9.655
9.625
9.625
9.655
9.625
9.655
9.655
9.625
9.565
9.565
9.595
9.625
9.625
9.595
9.595
9.595
9.625
9.625
9.595
9.595
9.625
9.625
9.625
9.625
9.625
9.595
9.625
9.625
9.625
9.625
9.625
9.625
9.625
9.595
9.565
9.530
9.530
9.565
9.530
9.595
9.565
9.500
9.500
9.500
9.500
9.470
9.500
9.470
9.500
9.500
9.470
9.470
9.500
9.470
9.500
9.500
9.500
9.500
9.470
9.470
9.500
9.440
9.470
9.440
9.440
9.470
9.470
9.525
9.520
9.555
9.520
9.555
9.555
9.520
9.520
9.490
9.490
9.430
9.460
9.430
9.460
9.430
9.460
9.490
9.430
9.460
9.490
9.555
9.490
9.555
9.520
9.555
9.490
9.490
9.460
9.430
9.395
9.395
9.335
9.335
9.335
9.305
9.305
9.305
9.305
9.305
9.305
9.270
9.270
9.270
9.270
9.270
9.270
9.305
9.305
9.305
9.305
9.270
9.270
9.305
9.305
9.305
9.305
9.305
9.305
9.305
9.270
9.305
9.305
9.305
9.270
9.305
9.270
9.270
9.270
9.270
9.305
9.305
9.270
9.240
9.240
9.240
9.240
9.240
9.270
9.210
9.240
9.240
9.240
9.210
9.210
9.210
9.180
9.180
9.210
9.210
9.210
9.180
9.180
9.180
9.210
9.180
9.180
9.180
9.180
9.180
9.210
9.210
9.180
9.180
9.145
9.145
9.115
9.115
9.085
9.055
9.055
9.020
9.020
8.990
8.990
9.020
9.020
9.055
9.055
9.020
9.085
9.085
9.055
8.990
8.990
8.990
9.020
9.055
9.145
9.180
9.145
9.145
9.145
9.180
9.145
9.145
9.180
9.145
9.180
9.145
9.180
8.990
9.145
9.145
9.145
9.145
9.115
9.115
9.115
9.085
9.115
9.085
9.085
9.055
9.085
9.085
9.085
9.085
9.085
9.115
9.085
9.085
9.085
9.055
9.055
9.085
9.055
9.055
9.055
9.020
8.990
8.990
9.020
9.020
9.020
9.020
9.020
9.020
9.020
9.020
9.055
9.055
9.115
9.085
9.085
9.085
9.055
9.085
9.085
9.085
9.085
9.115
9.115
9.115
9.115
9.115
9.115
9.115
9.115
9.115
9.085
9.055
9.115
9.115
9.115
9.055
9.055
9.055
9.020
9.055
9.055
9.055
9.085
9.020
8.990
8.990
9.020
8.990
8.990
8.930
8.930
8.930
8.895
8.895
8.960
8.835
8.835
8.805
8.866
8.837
8.839
8.840
8.871
8.842
8.843
8.874
8.876
8.877
8.848
8.879
8.880
8.946
8.948
8.914
8.950
8.886
8.887
8.858
8.955
8.956
8.987
9.018
9.019
8.991
8.992
8.993
8.994
8.965
8.996
8.967
8.969
8.970
8.971
9.002
9.034
9.035
9.036
9.037
9.038
9.009
9.010
8.981
9.043
9.044
9.045
9.046
9.048
9.019
9.080
9.081
9.052
9.053
9.054
9.056
9.057
9.058
9.059
9.030
9.031
9.032
9.094
9.065
9.066
9.067
9.038
9.070
9.071
9.042
9.073
9.074
9.045
9.076
9.078
9.049
9.019
9.021
9.022
9.023
9.024
8.990
8.961
8.962
8.933
8.934
8.905
8.906
8.967
8.938
8.909
8.940
8.942
8.943
8.974
8.915
8.916
8.917
8.979
8.980
9.077
8.982
8.983
8.984
8.985
8.956
9.018
9.019
9.147
9.118
9.149
9.120
8.755
8.755
8.755
8.755
8.755
8.785
8.755
8.725
8.755
8.755
8.660
8.695
8.725
8.755
8.755
8.755
8.755
8.820
8.880
8.880
8.945
8.880
8.975
8.975
8.975
8.945
8.945
8.945
8.975
8.880
9.005
8.945
8.945
8.945
8.880
8.910
8.945
8.945
8.945
8.945
8.945
8.975
8.975
8.945
8.975
8.975
9.005
9.035
9.005
9.005
8.945
8.975
8.975
8.975
8.945
8.975
8.945
8.945
8.945
8.945
8.910
8.945
8.910
8.975
8.975
8.945
8.975
8.975
9.005
9.005
9.005
9.005
8.975
8.975
8.975
8.975
8.975
8.975
9.005
9.005
9.005
8.975
8.975
8.945
8.945
8.945
8.945
8.945
8.910
8.945
8.910
8.910
8.975
9.005
9.035
9.070
9.035
9.035
9.070
9.130
9.035
9.100
9.101
9.036
9.036
9.101
9.036
9.071
9.071
9.036
9.072
9.037
9.072
9.037
9.037
9.007
9.007
9.007
9.008
9.008
8.978
8.978
8.948
8.948
8.948
8.978
8.979
8.949
9.009
9.009
8.979
9.009
8.979
8.980
9.010
9.010
9.010
8.980
9.010
9.010
9.010
8.951
8.951
8.951
8.951
8.916
8.981
8.951
8.951
8.952
8.917
8.982
8.952
8.917
8.917
8.952
8.953
8.953
8.953
8.918
8.953
8.953
8.918
8.953
8.954
8.954
8.984
8.984
8.984
8.954
8.919
8.954
8.920
8.955
8.955
8.955
8.955
8.985
8.985
9.016
9.016
9.016
9.016
9.016
9.016
8.986
9.017
9.017
9.017
9.017
9.017
8.987
9.047
9.018
8.988
8.988
8.988
9.018
8.988
8.988
8.958
8.958
8.924
8.924
8.959
8.959
8.924
8.959
8.924
8.924
8.960
8.925
8.925
8.960
8.960
8.925
8.925
8.926
8.926
8.896
8.926
8.926
8.926
8.926
8.926
8.927
8.927
8.927
8.897
8.897
8.897
8.897
8.867
8.898
8.868
8.868
8.898
8.868
8.963
8.929
8.899
8.869
8.899
8.899
8.899
8.869
8.839
8.839
8.804
8.805
8.805
8.805
8.805
8.805
8.805
8.805
8.805
8.806
8.806
8.806
8.806
8.806
8.841
8.841
8.776
8.777
8.777
8.807
8.842
8.807
8.842
8.843
8.873
8.873
8.873
8.873
8.873
8.843
8.808
8.844
8.844
8.809
8.844
8.874
8.874
8.875
8.845
8.875
8.875
8.875
8.905
8.905
8.845
8.876
8.846
8.861
8.846
8.846
8.846
8.846
8.811
8.847
8.847
8.812
8.847
8.847
8.877
8.908
8.908
8.938
8.938
8.938
8.938
8.908
8.909
8.909
8.909
8.909
8.909
8.879
8.909
8.910
8.940
8.910
8.940
8.880
9.426
9.494
9.526
9.557
9.557
9.589
9.494
9.494
9.526
9.526
9.494
9.494
9.494
9.494
9.494
9.458
9.458
9.494
9.494
9.494
9.526
9.458
9.458
9.494
9.426
9.426
9.426
9.458
9.426
9.426
9.458
9.458
9.458
9.494
9.494
9.494
9.557
9.557
9.526
9.526
9.526
9.526
9.526
9.557
9.557
9.557
9.526
9.494
9.458
9.494
9.458
9.458
9.458
9.458
9.426
9.458
9.426
9.395
9.426
9.426
9.426
9.458
9.494
9.494
9.426
9.458
9.458
9.494
9.526
9.526
9.557
9.526
9.526
9.494
9.526
9.526
9.526
9.526
9.557
9.526
9.494
9.494
9.526
9.526
9.526
9.494
9.494
9.458
9.458
9.494
9.494
9.494
9.494
9.494
9.526
9.494
9.526
9.526
9.526
9.526
9.557
9.557
9.557
9.557
9.589
9.589
9.589
9.625
9.657
9.657
9.657
9.625
9.625
9.625
9.625
9.657
9.688
9.720
9.756
9.756
9.819
9.756
9.756
9.756
9.756
9.720
9.720
9.720
9.756
9.756
9.756
9.720
9.756
9.756
9.756
9.819
9.788
9.788
9.756
9.720
9.788
9.788
9.756
9.788
9.819
9.819
9.819
9.819
9.788
9.756
9.788
9.819
9.756
9.756
9.756
9.756
9.788
9.819
9.819
9.850
9.850
9.850
9.850
9.887
9.919
9.919
9.919
9.919
9.887
9.919
9.887
9.919
9.919
9.887
9.887
9.850
9.850
9.819
9.819
9.819
9.819
9.788
9.788
9.819
9.819
9.819
9.819
9.819
9.850
9.850
9.850
9.850
9.850
9.850
9.819
9.850
9.850
9.850
9.887
9.887
9.887
9.887
9.850
9.850
9.850
9.850
9.850
9.887
9.850
9.887
9.850
9.850
9.887
9.850
9.850
9.850
9.850
9.887
9.850
9.850
9.850
9.850
9.850
9.887
9.850
9.950
9.950
9.950
9.981
9.950
9.950
9.950
9.950
9.950
9.919
9.950
9.950
9.950
9.950
9.919
9.950
9.950
9.919
9.950
9.981
9.981
9.981
9.981
9.950
9.950
10.018
9.950
9.981
9.981
9.981
10.018
10.018
10.049
10.049
10.018
10.049
10.049
10.081
10.081
10.081
10.081
10.081
10.081
10.112
10.081
10.081
10.081
10.081
10.049
10.049
10.081
10.081
10.081
10.081
10.112
10.112
10.081
10.081
10.081
10.081
10.049
10.049
10.018
10.081
10.081
10.049
10.018
10.018
10.018
10.081
10.049
10.049
10.018
10.018
10.018
10.018
10.018
10.018
10.081
10.049
10.081
10.018
10.018
10.049
10.049
10.018
10.018
10.018
10.049
10.018
9.981
10.018
10.018
10.018
9.981
9.981
9.981
10.018
9.981
9.981
9.950
9.950
9.950
9.919
9.981
9.919
9.981
10.018
10.018
10.081
10.081
10.049
10.018
10.081
10.081
10.112
10.112
10.112
10.112
10.180
10.212
10.149
10.081
10.112
10.112
10.112
10.081
10.018
10.018
10.018
10.018
9.950
9.887
9.919
9.850
9.850
9.850
9.887
10.018
10.049
10.018
10.018
10.018
9.595
9.565
9.500
9.500
9.405
9.405
9.190
9.345
9.125
9.155
9.155
9.155
9.190
9.250
9.125
9.375
9.345
9.375
9.345
9.345
9.375
9.405
9.470
9.500
9.500
9.440
9.405
9.440
9.440
9.470
9.470
9.470
9.470
9.405
9.440
9.375
9.375
9.375
9.405
9.345
9.345
9.345
9.345
9.315
9.345
9.315
9.250
9.250
9.220
9.250
9.220
9.250
9.190
9.280
9.250
9.250
9.250
9.250
9.250
9.250
9.280
9.280
9.280
9.315
9.280
9.280
9.315
9.315
9.315
9.375
9.375
9.345
9.315
9.375
9.375
9.345
9.345
9.345
9.345
9.375
9.345
9.345
9.375
9.345
9.345
9.315
9.345
9.345
9.345
9.345
9.345
9.345
9.405
9.375
9.375
9.375
9.405
9.375
9.375
9.315
9.375
9.375
9.375
9.345
9.375
9.315
9.345
9.345
9.345
9.315
9.315
9.280
9.280
9.280
9.280
9.315
9.315
9.315
9.315
9.315
9.280
9.315
9.315
9.250
9.315
9.315
9.250
9.250
9.220
9.250
9.250
9.280
9.250
9.250
9.250
9.250
9.250
9.250
9.220
9.220
9.220
9.220
9.250
9.250
9.250
9.250
9.250
9.250
9.250
9.250
9.250
9.250
9.250
9.280
9.280
9.315
9.345
9.315
9.345
9.345
9.280
9.345
9.315
9.280
9.280
9.250
9.250
9.280
9.250
9.250
9.250
9.280
9.250
9.250
9.250
9.250
9.250
9.250
9.220
9.220
9.190
9.190
9.190
9.155
9.155
9.155
9.155
9.190
9.190
9.190
9.220
9.190
9.220
9.220
9.220
9.220
9.220
9.220
9.220
9.220
9.250
9.280
9.250
9.250
9.280
9.280
9.280
9.250
9.280
9.315
9.280
9.280
9.280
9.280
9.250
9.280
9.315
9.250
9.280
9.250
9.250
9.280
9.280
9.280
9.280
9.315
9.280
9.280
9.280
9.250
9.280
9.280
9.280
9.280
9.280
9.315
9.315
9.315
9.280
9.315
9.315
9.280
9.280
9.315
9.315
9.315
9.315
9.315
9.280
9.250
9.280
9.280
9.280
9.250
9.280
9.280
9.265
9.280
9.280
9.250
9.250
9.250
9.280
9.280
9.250
9.250
9.250
9.220
9.220
9.220
9.250
9.250
9.250
9.250
9.250
9.250
9.250
9.250
9.220
9.250
9.280
9.250
9.250
9.280
9.250
9.250
9.250
9.250
9.280
9.250
9.280
9.345
9.345
9.315
9.315
9.315
9.315
9.315
9.315
9.315
9.315
9.280
9.315
9.315
9.315
9.315
9.315
9.280
9.315
9.315
9.315
9.315
9.345
9.315
9.345
9.345
9.345
9.315
9.315
9.315
9.315
9.315
9.315
9.280
9.315
9.315
9.280
9.315
9.315
9.280
9.280
9.315
9.315
9.345
9.345
9.345
9.345
9.345
9.375
9.315
9.375
9.375
9.345
9.345
9.315
9.345
9.315
9.250
9.250
9.250
9.250
9.250
9.250
9.280
9.280
9.250
9.280
9.250
9.280
9.280
9.280
9.250
9.250
9.250
9.250
9.220
9.250
9.216
9.242
9.178
9.110
9.106
9.102
9.098
9.094
9.030
9.030
9.061
9.031
9.061
9.062
9.092
9.033
9.033
9.093
9.064
9.094
9.064
9.095
9.065
9.066
9.066
9.066
9.097
9.097
9.067
9.068
9.163
9.128
9.099
9.164
9.129
9.100
9.070
9.101
9.101
9.131
9.132
9.132
9.167
9.198
9.168
9.169
9.134
9.134
9.170
9.135
9.170
9.171
9.136
9.172
9.137
9.137
9.138
9.138
9.138
9.139
9.174
9.140
9.140
9.175
9.176
9.206
9.206
9.207
9.207
9.237
9.238
9.238
9.239
9.239
9.209
9.210
9.240
9.240
9.271
9.271
9.271
9.242
9.242
9.243
9.243
9.213
9.214
9.214
9.214
9.215
9.215
9.216
9.246
9.246
9.247
9.217
9.247
9.218
9.278
9.249
9.279
9.314
9.315
9.345
9.315
9.280
9.315
9.344
9.314
9.314
9.344
9.344
9.344
9.343
9.343
9.343
9.343
9.313
9.278
9.277
9.312
9.277
9.312
9.247
9.277
9.276
9.276
9.246
9.216
9.216
9.216
9.216
9.245
9.215
9.215
9.215
9.185
9.215
9.214
9.214
9.214
9.214
9.214
9.214
9.213
9.213
9.243
9.213
9.213
9.213
9.242
9.272
9.242
9.242
9.242
9.242
9.241
9.241
9.306
9.306
9.306
9.271
9.270
9.270
9.270
9.240
9.240
9.270
9.239
9.239
9.269
9.239
9.239
9.239
9.268
9.238
9.238
9.238
9.268
9.238
9.208
9.237
9.207
9.237
9.237
9.237
9.266
9.236
9.236
9.266
9.206
9.236
9.236
9.235
9.205
9.205
9.235
9.205
9.205
9.204
9.234
9.204
9.234
9.234
9.204
9.233
9.233
9.263
9.263
9.263
9.233
9.262
9.262
9.232
9.232
9.262
9.262
9.231
9.201
9.201
9.201
9.231
9.231
9.230
9.230
9.230
9.260
9.230
9.260
9.259
9.229
9.229
9.229
9.199
9.199
9.199
9.198
9.198
9.228
9.198
9.168
9.168
9.197
9.167
9.167
9.167
9.167
9.197
9.196
9.166
9.166
9.166
9.196
9.196
9.165
9.195
9.165
9.225
9.195
9.195
9.194
9.194
9.164
9.164
9.194
9.194
9.223
9.223
9.223
9.223
9.223
9.193
9.222
9.192
9.192
9.222
9.192
9.221
9.221
9.221
9.191
9.161
9.161
9.161
9.126
9.160
9.160
9.160
9.160
9.160
9.189
9.159
9.159
9.124
9.124
9.124
9.094
9.093
9.093
9.093
9.093
9.093
9.093
9.092
9.122
9.122
9.122
9.092
9.122
9.091
9.091
9.091
9.121
9.091
9.061
9.061
9.090
9.030
9.030
9.030
9.120
9.119
9.148
9.087
9.117
9.116
9.180
9.180
9.145
9.115
9.145
9.145
9.115
9.115
9.115
9.115
9.115
9.115
9.115
9.085
9.085
9.055
9.085
9.055
9.055
9.055
9.085
9.055
9.055
9.055
9.055
9.055
9.020
9.055
9.021
9.021
9.021
8.991
8.991
8.961
8.961
8.931
8.896
8.866
8.866
8.866
8.836
8.866
8.866
8.836
8.836
8.836
8.836
8.836
8.896
8.896
8.866
8.866
8.866
8.896
8.896
8.931
8.896
8.931
8.931
8.961
8.931
8.931
8.961
8.896
8.931
8.931
8.896
8.896
8.961
8.961
8.896
8.896
8.866
8.866
8.896
8.896
8.896
8.896
8.897
8.867
8.897
8.897
8.897
8.897
8.867
8.867
8.897
8.867
8.867
8.932
8.867
8.897
8.897
8.897
8.897
8.897
8.897
8.897
8.897
8.932
8.897
8.932
8.897
8.897
8.932
8.932
8.932
8.897
8.932
8.932
8.962
8.932
8.962
8.932
8.962
8.932
8.932
8.932
8.962
8.962
8.932
8.962
8.897
8.962
8.932
8.962
8.962
8.932
8.962
8.992
8.962
8.932
8.932
8.962
8.932
8.933
8.962
8.933
8.933
8.933
8.933
8.933
8.933
8.933
8.963
8.963
8.963
8.933
8.933
8.933
8.963
8.933
8.963
8.963
8.933
8.963
8.933
8.933
8.933
8.963
8.933
8.933
8.933
8.933
8.898
8.933
8.933
8.933
8.933
8.933
8.933
8.933
8.963
8.963
8.963
8.963
8.933
8.898
8.898
8.898
8.868
8.868
8.868
8.898
8.933
8.868
8.898
8.898
8.898
8.899
8.934
8.899
8.934
8.869
8.899
8.899
8.899
8.899
8.869
8.869
8.839
8.869
8.869
8.869
8.869
8.839
8.839
8.839
8.839
8.869
8.839
8.839
8.839
8.839
8.869
8.869
8.869
8.869
8.839
8.839
8.809
8.869
8.809
8.809
8.809
8.809
8.774
8.809
8.774
8.869
8.809
8.839
8.809
8.839
8.809
8.809
8.839
8.839
8.869
8.839
8.839
8.840
8.870
8.870
8.870
8.840
8.840
8.840
8.870
8.840
8.840
8.870
8.810
8.810
8.810
8.775
8.840
8.810
8.840
8.810
8.840
8.810
8.840
8.775
8.810
8.810
8.810
8.775
8.775
8.745
8.746
8.747
8.779
8.815
8.816
8.817
8.849
8.850
8.851
8.822
8.788
8.789
8.826
8.827
8.828
8.794
8.831
8.797
8.833
8.799
8.835
8.837
8.868
8.839
8.840
8.901
8.903
8.904
8.905
8.906
8.877
8.879
8.880
8.911
8.912
8.883
8.885
8.916
8.917
8.918
8.919
8.890
8.922
8.893
8.894
8.895
8.866
8.898
8.929
8.900
8.905
8.905
8.940
8.905
8.875
8.905
8.905
8.905
8.940
8.940
8.905
8.940
8.940
8.940
8.970
8.970
8.940
8.940
8.905
8.940
8.905
8.905
8.905
8.940
8.940
8.940
8.940
8.940
8.970
8.940
8.970
8.940
8.970
8.970
8.970
9.000
9.000
9.030
9.065
9.065
9.065
9.000
9.030
9.030
9.030
9.000
9.030
9.030
9.000
9.030
9.030
9.030
9.030
9.000
9.030
9.030
9.000
8.970
8.970
9.000
8.940
8.940
8.940
9.000
8.970
8.970
9.000
8.940
8.940
8.970
9.000
9.000
8.970
9.000
9.030
9.030
9.030
9.000
9.000
9.030
9.065
9.065
9.095
9.125
9.065
9.065
9.125
9.095
9.065
9.095
9.030
9.065
9.065
9.065
9.065
9.065
9.065
9.095
9.095
9.095
9.095
9.095
9.030
9.065
9.065
9.095
9.095
9.095
9.095
9.125
9.155
9.190
9.190
9.125
9.190
9.190
9.125
9.125
9.155
9.095
9.155
9.095
9.155
9.155
9.155
9.095
9.125
9.155
9.125
9.190
9.190
9.155
9.155
9.155
9.125
9.155
9.155
9.125
9.125
9.155
9.095
9.125
9.125
9.095
9.155
9.155
9.155
9.155
9.155
9.190
9.155
9.155
9.190
9.190
9.190
9.125
9.155
9.125
9.155
9.155
9.155
9.190
9.155
9.125
9.125
9.155
9.155
9.125
9.155
9.155
9.155
9.155
9.125
9.155
9.155
9.125
9.155
9.095
9.125
9.125
9.125
9.125
9.125
9.125
9.095
9.095
9.155
9.095
9.125
9.125
9.065
9.030
9.065
9.065
9.065
9.095
9.095
9.065
9.065
9.030
9.065
9.095
9.095
9.065
9.095
9.065
9.125
9.065
9.095
9.065
9.065
9.095
9.065
9.095
9.095
9.095
9.095
9.065
9.065
9.095
9.095
9.095
9.065
9.065
9.095
9.065
9.125
9.065
9.095
9.125
9.125
9.125
9.125
9.125
9.095
9.125
9.095
9.125
9.125
9.065
9.095
9.125
9.095
9.095
9.125
9.095
9.095
9.125
9.125
9.125
9.125
9.095
9.125
9.095
9.125
9.095
9.125
9.125
9.095
9.125
9.095
9.125
9.125
9.095
9.125
9.125
9.095
9.125
9.125
9.095
9.125
9.125
9.125
9.155
9.155
9.155
9.095
9.125
9.125
9.125
9.155
9.155
9.155
9.190
9.190
9.190
9.190
9.190
9.155
9.220
9.190
9.190
9.190
9.220
9.190
9.190
9.190
9.220
9.220
9.220
9.190
9.220
9.190
9.190
9.190
9.190
9.190
9.190
9.220
9.190
9.190
9.190
9.190
9.220
9.155
9.190
9.220
9.250
9.280
9.220
9.250
9.220
9.250
9.250
9.250
9.190
9.250
9.280
9.280
9.265
9.205
9.140
9.140
9.140
9.140
9.110
9.110
9.110
9.110
9.170
9.170
9.170
9.205
9.205
9.170
9.170
9.140
9.140
9.110
9.110
9.140
9.140
9.140
9.170
9.170
9.205
9.170
9.205
9.205
9.170
9.170
9.205
9.205
9.205
9.205
9.205
9.205
9.205
9.265
9.235
9.235
9.235
9.235
9.205
9.205
9.170
9.170
9.170
9.140
9.140
9.140
9.170
9.170
9.170
9.170
9.140
9.170
9.140
9.140
9.170
9.140
9.140
9.140
9.140
9.110
9.140
9.170
9.140
9.170
9.140
9.140
9.140
9.140
9.140
9.110
9.110
9.110
9.110
9.110
9.140
9.140
9.170
9.170
9.170
9.170
9.140
9.170
9.170
9.170
9.170
9.140
9.170
9.140
9.140
9.170
9.170
9.170
9.170
9.205
9.170
9.170
9.170
9.140
9.140
9.140
9.140
9.140
9.110
9.140
9.110
9.140
9.140
9.140
9.140
9.110
9.110
9.110
9.080
9.080
9.110
9.080
9.110
9.110
9.110
9.170
9.170
9.140
9.140
9.110
9.110
9.080
9.080
9.080
9.080
9.080
9.110
9.080
9.080
9.080
9.110
9.110
9.080
9.080
9.140
9.140
9.110
9.140
9.110
9.140
9.110
9.110
9.110
9.110
9.080
9.170
9.170
9.170
9.205
9.205
9.205
9.235
9.235
9.235
9.205
9.205
9.205
9.235
9.170
9.170
9.170
9.170
9.205
9.205
9.235
9.205
9.235
9.205
9.235
9.235
9.235
9.235
9.235
9.235
9.235
9.205
9.205
9.205
9.235
9.235
9.235
9.235
9.205
9.235
9.205
9.205
9.205
9.235
9.205
9.235
9.235
9.205
9.235
9.235
9.265
9.235
9.265
9.265
9.265
9.265
9.235
9.265
9.235
9.205
9.235
9.235
9.205
9.205
9.205
9.170
9.170
9.170
9.170
9.205
9.170
9.205
9.235
9.205
9.205
9.205
9.235
9.235
9.235
9.205
9.205
9.205
9.205
9.205
9.205
9.235
9.205
9.235
9.235
9.235
9.235
9.235
9.205
9.205
9.205
9.205
9.205
9.235
9.205
9.235
9.235
9.235
9.205
9.235
9.235
9.235
9.235
9.235
9.205
9.205
9.205
9.265
9.235
9.235
9.265
9.235
9.265
9.235
9.235
9.235
9.235
9.235
9.205
9.205
9.170
9.205
9.235
9.235
9.235
9.235
9.235
9.235
9.235
9.265
9.235
9.235
9.235
9.265
9.265
9.208
9.172
9.268
9.208
9.208
9.208
9.172
9.208
9.172
9.172
9.208
9.208
9.208
9.238
9.268
9.268
9.238
9.238
9.238
9.208
9.208
9.172
9.172
9.142
9.208
9.208
9.208
9.208
9.208
9.172
9.142
9.172
9.142
9.142
9.142
9.142
9.172
9.172
9.172
9.142
9.142
9.172
9.142
9.172
9.172
9.172
9.172
9.142
9.142
9.142
9.142
9.112
9.142
9.142
9.082
9.082
9.082
9.112
9.082
9.082
9.082
9.082
9.082
9.082
9.082
9.082
9.082
9.112
9.112
9.142
9.112
9.142
9.142
9.172
9.112
9.142
9.142
9.142
9.142
9.142
9.142
9.142
9.142
9.112
9.142
9.142
9.172
9.172
9.142
9.142
9.172
9.172
9.142
9.142
9.142
9.142
9.142
9.142
9.142
9.142
9.142
9.142
9.142
9.142
9.142
9.142
9.172
9.142
9.142
9.142
9.142
9.142
9.142
9.172
9.172
9.142
9.172
9.172
9.208
9.208
9.172
9.208
9.238
9.208
9.208
9.208
9.208
9.238
9.238
9.208
9.238
9.268
9.208
9.208
9.208
9.238
9.208
9.208
9.238
9.208
9.208
9.268
9.268
9.268
9.268
9.268
9.268
9.268
9.298
9.333
9.298
9.268
9.268
9.298
9.268
9.268
9.268
9.268
9.298
9.298
9.268
9.298
9.268
9.298
9.268
9.268
9.333
9.238
9.268
9.298
9.268
9.268
9.298
9.298
9.268
9.333
9.333
9.363
9.363
9.393
9.393
9.363
9.363
9.333
9.333
9.333
9.363
9.363
9.363
9.333
9.363
9.363
9.363
9.333
9.333
9.298
9.268
9.268
9.298
9.298
9.298
9.298
9.298
9.298
9.298
9.298
9.333
9.333
9.298
9.298
9.333
9.298
9.238
9.268
9.268
9.268
9.298
9.298
9.298
9.298
9.298
9.298
9.238
9.268
9.238
9.268
9.268
9.268
9.238
9.238
9.238
9.268
9.298
9.298
9.268
9.268
9.298
9.298
9.298
9.298
9.268
9.298
9.298
9.268
9.268
9.238
9.208
9.172
9.172
9.208
9.238
9.208
9.238
9.208
9.238
9.208
9.208
9.142
9.208
9.142
9.172
9.172
9.172
9.142
9.142
9.112
9.142
9.142
9.112
9.142
9.112
9.142
9.172
9.172
9.208
9.142
9.172
9.295
9.295
9.230
9.230
9.230
9.230
9.200
9.170
9.170
9.170
9.200
9.200
9.200
9.230
9.230
9.230
9.260
9.260
9.260
9.260
9.260
9.260
9.200
9.200
9.260
9.260
9.200
9.260
9.230
9.230
9.230
9.230
9.230
9.230
9.230
9.230
9.230
9.230
9.230
9.200
9.260
9.200
9.260
9.170
9.230
9.200
9.230
9.200
9.170
9.200
9.200
9.170
9.170
9.170
9.170
9.135
9.135
9.170
9.135
9.135
9.105
9.135
9.135
9.170
9.170
9.200
9.170
9.135
9.135
9.135
9.135
9.135
9.135
9.135
9.135
9.170
9.170
9.135
9.135
9.135
9.135
9.135
9.105
9.105
9.075
9.105
9.075
9.075
9.105
9.075
9.105
9.075
9.105
9.135
9.105
9.105
9.105
9.135
9.135
9.105
9.105
9.135
9.135
9.105
9.105
9.105
9.105
9.135
9.135
9.135
9.135
9.135
9.135
9.135
9.135
9.105
9.105
9.135
9.135
9.135
9.105
9.135
9.135
9.105
9.075
9.075
9.045
9.075
9.075
9.075
9.075
9.075
9.075
9.045
9.045
9.105
9.075
9.075
9.075
9.105
9.105
9.105
9.105
9.135
9.105
9.105
9.075
9.075
9.075
9.045
9.045
9.045
9.045
9.045
9.045
9.010
9.075
9.045
9.045
9.045
9.075
9.045
9.045
9.045
9.045
9.045
9.075
9.045
9.045
9.045
9.045
9.045
9.045
9.045
9.045
9.075
9.045
9.075
9.105
9.105
9.105
9.105
9.105
9.105
9.105
9.105
9.135
9.105
9.075
9.135
9.075
9.105
9.075
9.075
9.045
9.105
9.105
9.105
9.135
9.135
9.075
9.075
9.135
9.105
9.075
9.075
9.075
9.105
9.105
9.075
9.075
9.075
9.075
9.075
9.075
9.105
9.075
9.075
9.105
9.075
9.105
9.075
9.105
9.105
9.105
9.105
9.105
9.135
9.105
9.105
9.105
9.105
9.075
9.135
9.135
9.135
9.105
9.135
9.135
9.135
9.105
9.135
9.105
9.075
9.105
9.075
9.105
9.105
9.075
9.075
9.105
9.075
9.105
9.075
9.075
9.105
9.075
9.075
9.075
9.105
9.075
9.045
9.075
9.075
9.075
9.105
9.075
9.075
9.105
9.075
9.075
9.075
9.075
9.105
9.075
9.045
9.075
9.045
9.045
9.045
9.075
9.045
9.045
9.045
9.075
9.045
9.075
9.220
9.250
9.220
9.220
9.250
9.220
9.250
9.250
9.250
9.280
9.250
9.280
9.250
9.250
9.250
9.250
9.250
